result_ant_BestScore=[309.9203982274287, 307.54544082371996, 368.50668720875524, 390.807272620497, 437.1281112825533, 386.6915053366695, 449.32777031827266]
result_ant_Runtime=[0.03410940170288086, 0.14632039070129393, 0.055251359939575195, 0.10451774597167969, 0.10769457817077636, 0.5743653297424316, 0.42046165466308594]
result_DP_optimal_cost=[193.34846101909935, 185.87941817689742, 238.9966792327712, 271.6259872747312, 325.8008926289404, 288.7948040337449, 350.65982406853664]
result_DP_runtime=[0.0, 0.00019936561584472657, 0.000797891616821289, 0.00280146598815918, 0.0071947574615478516, 0.016754007339477538, 0.06703991889953613]
result_relative_error=[0.602911120129444, 0.6545427344249357, 0.5418904078154473, 0.438769819270724, 0.3417032340068053, 0.33898359643439285, 0.2813779608537399]
