result_ant_BestScore=[452.7128300543534, 483.25994089760417, 454.99645300884845]
result_ant_Runtime=[0.7655512809753418, 0.5765969276428222, 0.6882553100585938]
result_DP_optimal_cost=[362.19165225046356, 370.222760289401, 363.9564169723223]
result_DP_runtime=[0.10741195678710938, 0.26580109596252444, 0.6712959289550782]
result_relative_error=[0.24992618477383466, 0.3053220729050874, 0.25013993926489675]
