result_ant_BestScore=[523.9275757586255, 561.7618705730742]
result_ant_Runtime=[1.5210821151733398, 1.6780318737030029]
result_DP_optimal_cost=[435.2509030145647, 446.936320235131]
result_DP_runtime=[1.6821282863616944, 4.986975383758545]
result_relative_error=[0.2037369069883203, 0.2569170262947842]
