result_ant_BestScore=[548.6681312640692, 585.9064051339781]
result_ant_Runtime=[1.0823177337646483, 1.1970176219940185]
result_DP_optimal_cost=[423.5984776151247, 470.5859275655155]
result_DP_runtime=[16.030360460281372, 54.50038638114929]
result_relative_error=[0.29525520099385466, 0.2450572165747722]
